0.000000000000000000e+00 -2.828427124746190291e+00 -2.828427124746190291e+00 2.828427124746190291e+00 2.828427124746190291e+00
1.000000000000000000e+00 -2.828078221593861574e+00 -2.828078221593861574e+00 2.828078221593861574e+00 2.828078221593861574e+00
2.000000000000000000e+00 -2.827031992760957291e+00 -2.827031992760957291e+00 2.827031992760957291e+00 2.827031992760957291e+00
3.000000000000000000e+00 -2.825289879611444732e+00 -2.825289879611444732e+00 2.825289879611444732e+00 2.825289879611444732e+00
4.000000000000000000e+00 -2.822854282723509911e+00 -2.822854282723509911e+00 2.822854282723509911e+00 2.822854282723509911e+00
5.000000000000000000e+00 -2.819728559344035546e+00 -2.819728559344035546e+00 2.819728559344035546e+00 2.819728559344035546e+00
6.000000000000000000e+00 -2.815917019819065281e+00 -2.815917019819065281e+00 2.815917019819065281e+00 2.815917019819065281e+00
7.000000000000000000e+00 -2.811424922994443243e+00 -2.811424922994443243e+00 2.811424922994442799e+00 2.811424922994443243e+00
8.000000000000000000e+00 -2.806258470579025666e+00 -2.806258470579025666e+00 2.806258470579025666e+00 2.806258470579025666e+00
9.000000000000000000e+00 -2.800424800461144059e+00 -2.800424800461144059e+00 2.800424800461144059e+00 2.800424800461144059e+00
1.000000000000000000e+01 -2.793931978967140406e+00 -2.793931978967140406e+00 2.793931978967140406e+00 2.793931978967140406e+00
1.100000000000000000e+01 -2.786788992048885749e+00 -2.786788992048885749e+00 2.786788992048885749e+00 2.786788992048885749e+00
1.200000000000000000e+01 -2.779005735385290610e+00 -2.779005735385290610e+00 2.779005735385290610e+00 2.779005735385290610e+00
1.300000000000000000e+01 -2.770593003380712904e+00 -2.770593003380712904e+00 2.770593003380712904e+00 2.770593003380712904e+00
1.400000000000000000e+01 -2.761562477041149766e+00 -2.761562477041149766e+00 2.761562477041149766e+00 2.761562477041149766e+00
1.500000000000000000e+01 -2.751926710706832591e+00 -2.751926710706832591e+00 2.751926710706832591e+00 2.751926710706832591e+00
1.600000000000000000e+01 -2.741699117617717452e+00 -2.741699117617717452e+00 2.741699117617717452e+00 2.741699117617717452e+00
1.700000000000000000e+01 -2.730893954285941394e+00 -2.730893954285941394e+00 2.730893954285941394e+00 2.730893954285941394e+00
1.800000000000000000e+01 -2.719526303647068488e+00 -2.719526303647068488e+00 2.719526303647068488e+00 2.719526303647068488e+00
1.900000000000000000e+01 -2.707612056959493252e+00 -2.707612056959493252e+00 2.707612056959493252e+00 2.707612056959493252e+00
2.000000000000000000e+01 -2.695167894419020715e+00 -2.695167894419020715e+00 2.695167894419020715e+00 2.695167894419020715e+00
2.100000000000000000e+01 -2.682211264453220334e+00 -2.682211264453220334e+00 2.682211264453220334e+00 2.682211264453220334e+00
2.200000000000000000e+01 -2.668760361657862124e+00 -2.668760361657862124e+00 2.668760361657862124e+00 2.668760361657862124e+00
2.300000000000000000e+01 -2.654834103335431905e+00 -2.654834103335431905e+00 2.654834103335431905e+00 2.654834103335431905e+00
2.400000000000000000e+01 -2.640452104593703275e+00 -2.640452104593703275e+00 2.640452104593703275e+00 2.640452104593703275e+00
2.500000000000000000e+01 -2.625634651960336630e+00 -2.625634651960336630e+00 2.625634651960336630e+00 2.625634651960336630e+00
2.600000000000000000e+01 -2.610402675467906164e+00 -2.610402675467906164e+00 2.610402675467906164e+00 2.610402675467906164e+00
2.700000000000000000e+01 -2.594777719162392859e+00 -2.594777719162392859e+00 2.594777719162392859e+00 2.594777719162392859e+00
2.800000000000000000e+01 -2.578781909987345244e+00 -2.578781909987345244e+00 2.578781909987345244e+00 2.578781909987345244e+00
2.900000000000000000e+01 -2.562437924995548677e+00 -2.562437924995548677e+00 2.562437924995548677e+00 2.562437924995548677e+00
3.000000000000000000e+01 -2.545768956840346764e+00 -2.545768956840346764e+00 2.545768956840346764e+00 2.545768956840346764e+00
3.100000000000000000e+01 -2.528798677499831005e+00 -2.528798677499831005e+00 2.528798677499831005e+00 2.528798677499831005e+00
3.200000000000000000e+01 -2.511551200189129140e+00 -2.511551200189129140e+00 2.511551200189129140e+00 2.511551200189129140e+00
3.300000000000000000e+01 -2.494051039418993643e+00 -2.494051039418993643e+00 2.494051039418993643e+00 2.494051039418993643e+00
3.400000000000000000e+01 -2.476323069163215873e+00 -2.476323069163215873e+00 2.476323069163214985e+00 2.476323069163215429e+00
3.500000000000000000e+01 -2.458392479102962991e+00 -2.458392479102962991e+00 2.458392479102962991e+00 2.458392479102962991e+00
3.600000000000000000e+01 -2.440284728923354685e+00 -2.440284728923354685e+00 2.440284728923354685e+00 2.440284728923354685e+00
3.700000000000000000e+01 -2.422025500646486584e+00 -2.422025500646486584e+00 2.422025500646486584e+00 2.422025500646486584e+00
3.800000000000000000e+01 -2.403640648995916340e+00 -2.403640648995916340e+00 2.403640648995916340e+00 2.403640648995916340e+00
3.900000000000000000e+01 -2.385156149800528702e+00 -2.385156149800528702e+00 2.385156149800528702e+00 2.385156149800528702e+00
4.000000000000000000e+01 -2.366598046460762994e+00 -2.366598046460762994e+00 2.366598046460762994e+00 2.366598046460762994e+00
4.100000000000000000e+01 -2.347992394517683490e+00 -2.347992394517683490e+00 2.347992394517682602e+00 2.347992394517683046e+00
4.200000000000000000e+01 -2.329365204385295041e+00 -2.329365204385294597e+00 2.329365204385294597e+00 2.329365204385294597e+00
4.300000000000000000e+01 -2.310742382328967892e+00 -2.310742382328967892e+00 2.310742382328967892e+00 2.310742382328967892e+00
4.400000000000000000e+01 -2.292149669797926670e+00 -2.292149669797926670e+00 2.292149669797926670e+00 2.292149669797926670e+00
4.500000000000000000e+01 -2.273612581247307141e+00 -2.273612581247307141e+00 2.273612581247307141e+00 2.273612581247307141e+00
4.600000000000000000e+01 -2.255156340615376731e+00 -2.255156340615376731e+00 2.255156340615376731e+00 2.255156340615376731e+00
4.700000000000000000e+01 -2.236805816653796519e+00 -2.236805816653796519e+00 2.236805816653796519e+00 2.236805816653796519e+00
4.800000000000000000e+01 -2.218585457343182465e+00 -2.218585457343182465e+00 2.218585457343182465e+00 2.218585457343182465e+00
4.900000000000000000e+01 -2.200519223662212642e+00 -2.200519223662212642e+00 2.200519223662212642e+00 2.200519223662212642e+00
5.000000000000000000e+01 -2.182630523015748558e+00 -2.182630523015748558e+00 2.182630523015748558e+00 2.182630523015748558e+00
5.100000000000000000e+01 -2.164942142665290170e+00 -2.164942142665290170e+00 2.164942142665290170e+00 2.164942142665290170e+00
5.200000000000000000e+01 -2.147476183542915695e+00 -2.147476183542915251e+00 2.147476183542914807e+00 2.147476183542915251e+00
5.300000000000000000e+01 -2.130253994866836198e+00 -2.130253994866836198e+00 2.130253994866836198e+00 2.130253994866836198e+00
5.400000000000000000e+01 -2.113296110012028439e+00 -2.113296110012028439e+00 2.113296110012028439e+00 2.113296110012028439e+00
5.500000000000000000e+01 -2.096622184121994525e+00 -2.096622184121994525e+00 2.096622184121994525e+00 2.096622184121994525e+00
5.600000000000000000e+01 -2.080250933976688810e+00 -2.080250933976688810e+00 2.080250933976688810e+00 2.080250933976688810e+00
5.700000000000000000e+01 -2.064200080655728353e+00 -2.064200080655728353e+00 2.064200080655728353e+00 2.064200080655728353e+00
5.800000000000000000e+01 -2.048486295554321934e+00 -2.048486295554321934e+00 2.048486295554321934e+00 2.048486295554321934e+00
5.900000000000000000e+01 -2.033125150320643559e+00 -2.033125150320643559e+00 2.033125150320643559e+00 2.033125150320643559e+00
6.000000000000000000e+01 -2.018131071286735079e+00 -2.018131071286735079e+00 2.018131071286735079e+00 2.018131071286735079e+00
6.100000000000000000e+01 -2.003517298959536674e+00 -2.003517298959536674e+00 2.003517298959536674e+00 2.003517298959536674e+00
6.200000000000000000e+01 -1.989295853123494329e+00 -1.989295853123493441e+00 1.989295853123493885e+00 1.989295853123493885e+00
6.300000000000000000e+01 -1.975477504080912938e+00 -1.975477504080912938e+00 1.975477504080912938e+00 1.975477504080912938e+00
6.400000000000000000e+01 -1.962071750520402835e+00 -1.962071750520402391e+00 1.962071750520402391e+00 1.962071750520403057e+00
6.500000000000000000e+01 -1.949086804457365041e+00 -1.949086804457365041e+00 1.949086804457365041e+00 1.949086804457365041e+00
6.600000000000000000e+01 -1.936529583633747276e+00 -1.936529583633747276e+00 1.936529583633747276e+00 1.936529583633747276e+00
6.700000000000000000e+01 -1.924405711697747767e+00 -1.924405711697747767e+00 1.924405711697747767e+00 1.924405711697747767e+00
6.800000000000000000e+01 -1.912719526408664050e+00 -1.912719526408664050e+00 1.912719526408664050e+00 1.912719526408664050e+00
6.900000000000000000e+01 -1.901474096028800798e+00 -1.901474096028800798e+00 1.901474096028800798e+00 1.901474096028800798e+00
7.000000000000000000e+01 -1.890671243974705540e+00 -1.890671243974705540e+00 1.890671243974705540e+00 1.890671243974705540e+00
7.100000000000000000e+01 -1.880311581705693236e+00 -1.880311581705693236e+00 1.880311581705693236e+00 1.880311581705693236e+00
7.200000000000000000e+01 -1.870394549730494349e+00 -1.870394549730494349e+00 1.870394549730494349e+00 1.870394549730494349e+00
7.300000000000000000e+01 -1.860918466514921876e+00 -1.860918466514921876e+00 1.860918466514921876e+00 1.860918466514921876e+00
7.400000000000000000e+01 -1.851880584976802524e+00 -1.851880584976802524e+00 1.851880584976802524e+00 1.851880584976802524e+00
7.500000000000000000e+01 -1.843277156161037045e+00 -1.843277156161037045e+00 1.843277156161037045e+00 1.843277156161037045e+00
7.600000000000000000e+01 -1.835103499599588295e+00 -1.835103499599588295e+00 1.835103499599588295e+00 1.835103499599588295e+00
7.700000000000000000e+01 -1.827354079780193929e+00 -1.827354079780193929e+00 1.827354079780193929e+00 1.827354079780193929e+00
7.800000000000000000e+01 -1.820022588075291825e+00 -1.820022588075291825e+00 1.820022588075291825e+00 1.820022588075291825e+00
7.900000000000000000e+01 -1.813102029420351036e+00 -1.813102029420351036e+00 1.813102029420351036e+00 1.813102029420351036e+00
8.000000000000000000e+01 -1.806584812979480148e+00 -1.806584812979480148e+00 1.806584812979480148e+00 1.806584812979480148e+00
8.100000000000000000e+01 -1.800462845996591010e+00 -1.800462845996591010e+00 1.800462845996591010e+00 1.800462845996591010e+00
8.200000000000000000e+01 -1.794727630002746155e+00 -1.794727630002746155e+00 1.794727630002746155e+00 1.794727630002746155e+00
8.300000000000000000e+01 -1.789370358534703831e+00 -1.789370358534703831e+00 1.789370358534703831e+00 1.789370358534703831e+00
8.400000000000000000e+01 -1.784382015515625364e+00 -1.784382015515625364e+00 1.784382015515625364e+00 1.784382015515625364e+00
8.500000000000000000e+01 -1.779753473455927271e+00 -1.779753473455927271e+00 1.779753473455927271e+00 1.779753473455927271e+00
8.600000000000000000e+01 -1.775475590649340241e+00 -1.775475590649340241e+00 1.775475590649340241e+00 1.775475590649340241e+00
8.700000000000000000e+01 -1.771539306565400596e+00 -1.771539306565400596e+00 1.771539306565400596e+00 1.771539306565400596e+00
8.800000000000000000e+01 -1.767935734673583115e+00 -1.767935734673583115e+00 1.767935734673583115e+00 1.767935734673583115e+00
8.900000000000000000e+01 -1.764656251974801471e+00 -1.764656251974801471e+00 1.764656251974801471e+00 1.764656251974801471e+00
9.000000000000000000e+01 -1.761692584561766806e+00 -1.761692584561766806e+00 1.761692584561766806e+00 1.761692584561766806e+00
9.100000000000000000e+01 -1.759036888579354585e+00 -1.759036888579354585e+00 1.759036888579354585e+00 1.759036888579354585e+00
9.200000000000000000e+01 -1.756681826008528402e+00 -1.756681826008528402e+00 1.756681826008528402e+00 1.756681826008528402e+00
9.300000000000000000e+01 -1.754620634751347552e+00 -1.754620634751347552e+00 1.754620634751347552e+00 1.754620634751347552e+00
9.400000000000000000e+01 -1.752847192549221500e+00 -1.752847192549221500e+00 1.752847192549221500e+00 1.752847192549221500e+00
9.500000000000000000e+01 -1.751356074321007705e+00 -1.751356074321007483e+00 1.751356074321007261e+00 1.751356074321007483e+00
9.600000000000000000e+01 -1.750142602561240546e+00 -1.750142602561240546e+00 1.750142602561240546e+00 1.750142602561240546e+00
9.700000000000000000e+01 -1.749202890491202700e+00 -1.749202890491202700e+00 1.749202890491202700e+00 1.749202890491202700e+00
9.800000000000000000e+01 -1.748533877706494932e+00 -1.748533877706494932e+00 1.748533877706494932e+00 1.748533877706494932e+00
9.900000000000000000e+01 -1.748133358114127844e+00 -1.748133358114127844e+00 1.748133358114127844e+00 1.748133358114127844e+00
1.000000000000000000e+02 -1.747999999999999998e+00 -1.747999999999999998e+00 1.747999999999999998e+00 1.747999999999999998e+00
1.010000000000000000e+02 -1.748133358114127844e+00 -1.748133358114127844e+00 1.748133358114127844e+00 1.748133358114127844e+00
1.020000000000000000e+02 -1.748533877706494932e+00 -1.748533877706494932e+00 1.748533877706494932e+00 1.748533877706494932e+00
1.030000000000000000e+02 -1.749202890491202700e+00 -1.749202890491202700e+00 1.749202890491202700e+00 1.749202890491202700e+00
1.040000000000000000e+02 -1.750142602561240546e+00 -1.750142602561240546e+00 1.750142602561240546e+00 1.750142602561240546e+00
1.050000000000000000e+02 -1.751356074321007705e+00 -1.751356074321007483e+00 1.751356074321007483e+00 1.751356074321007483e+00
1.060000000000000000e+02 -1.752847192549221500e+00 -1.752847192549221500e+00 1.752847192549221500e+00 1.752847192549221500e+00
1.070000000000000000e+02 -1.754620634751347552e+00 -1.754620634751347552e+00 1.754620634751347552e+00 1.754620634751347552e+00
1.080000000000000000e+02 -1.756681826008528402e+00 -1.756681826008528402e+00 1.756681826008528402e+00 1.756681826008528402e+00
1.090000000000000000e+02 -1.759036888579354807e+00 -1.759036888579354807e+00 1.759036888579354807e+00 1.759036888579354807e+00
1.100000000000000000e+02 -1.761692584561766806e+00 -1.761692584561766806e+00 1.761692584561766806e+00 1.761692584561766806e+00
1.110000000000000000e+02 -1.764656251974801249e+00 -1.764656251974801249e+00 1.764656251974801249e+00 1.764656251974801249e+00
1.120000000000000000e+02 -1.767935734673582893e+00 -1.767935734673582893e+00 1.767935734673582893e+00 1.767935734673582893e+00
1.130000000000000000e+02 -1.771539306565400596e+00 -1.771539306565400596e+00 1.771539306565400596e+00 1.771539306565400596e+00
1.140000000000000000e+02 -1.775475590649340241e+00 -1.775475590649340241e+00 1.775475590649340241e+00 1.775475590649340241e+00
1.150000000000000000e+02 -1.779753473455927493e+00 -1.779753473455927049e+00 1.779753473455927271e+00 1.779753473455927715e+00
1.160000000000000000e+02 -1.784382015515625586e+00 -1.784382015515625586e+00 1.784382015515625586e+00 1.784382015515625586e+00
1.170000000000000000e+02 -1.789370358534704053e+00 -1.789370358534703165e+00 1.789370358534703609e+00 1.789370358534703609e+00
1.180000000000000000e+02 -1.794727630002746377e+00 -1.794727630002746377e+00 1.794727630002746377e+00 1.794727630002746821e+00
1.190000000000000000e+02 -1.800462845996590788e+00 -1.800462845996590566e+00 1.800462845996590566e+00 1.800462845996590566e+00
1.200000000000000000e+02 -1.806584812979480148e+00 -1.806584812979480148e+00 1.806584812979480148e+00 1.806584812979480148e+00
1.210000000000000000e+02 -1.813102029420350814e+00 -1.813102029420350814e+00 1.813102029420350814e+00 1.813102029420350814e+00
1.220000000000000000e+02 -1.820022588075291825e+00 -1.820022588075291825e+00 1.820022588075291825e+00 1.820022588075291825e+00
1.230000000000000000e+02 -1.827354079780193929e+00 -1.827354079780193929e+00 1.827354079780193929e+00 1.827354079780193929e+00
1.240000000000000000e+02 -1.835103499599588739e+00 -1.835103499599588739e+00 1.835103499599588739e+00 1.835103499599588739e+00
1.250000000000000000e+02 -1.843277156161037045e+00 -1.843277156161037045e+00 1.843277156161037045e+00 1.843277156161037045e+00
1.260000000000000000e+02 -1.851880584976802302e+00 -1.851880584976802302e+00 1.851880584976802302e+00 1.851880584976802302e+00
1.270000000000000000e+02 -1.860918466514922320e+00 -1.860918466514921654e+00 1.860918466514922098e+00 1.860918466514922098e+00
1.280000000000000000e+02 -1.870394549730494349e+00 -1.870394549730494349e+00 1.870394549730494349e+00 1.870394549730494349e+00
1.290000000000000000e+02 -1.880311581705693236e+00 -1.880311581705693236e+00 1.880311581705693236e+00 1.880311581705693236e+00
1.300000000000000000e+02 -1.890671243974705318e+00 -1.890671243974704874e+00 1.890671243974704874e+00 1.890671243974705318e+00
1.310000000000000000e+02 -1.901474096028801020e+00 -1.901474096028800798e+00 1.901474096028800798e+00 1.901474096028801020e+00
1.320000000000000000e+02 -1.912719526408664050e+00 -1.912719526408664050e+00 1.912719526408664050e+00 1.912719526408664050e+00
1.330000000000000000e+02 -1.924405711697747767e+00 -1.924405711697747767e+00 1.924405711697747767e+00 1.924405711697747767e+00
1.340000000000000000e+02 -1.936529583633747276e+00 -1.936529583633747276e+00 1.936529583633747276e+00 1.936529583633747276e+00
1.350000000000000000e+02 -1.949086804457364597e+00 -1.949086804457363931e+00 1.949086804457364153e+00 1.949086804457365041e+00
1.360000000000000000e+02 -1.962071750520402835e+00 -1.962071750520402613e+00 1.962071750520402613e+00 1.962071750520402835e+00
1.370000000000000000e+02 -1.975477504080912716e+00 -1.975477504080912716e+00 1.975477504080912716e+00 1.975477504080912716e+00
1.380000000000000000e+02 -1.989295853123494107e+00 -1.989295853123494107e+00 1.989295853123494107e+00 1.989295853123494107e+00
1.390000000000000000e+02 -2.003517298959537118e+00 -2.003517298959537118e+00 2.003517298959537118e+00 2.003517298959537118e+00
1.400000000000000000e+02 -2.018131071286735079e+00 -2.018131071286735079e+00 2.018131071286735079e+00 2.018131071286735079e+00
1.410000000000000000e+02 -2.033125150320643115e+00 -2.033125150320643115e+00 2.033125150320643115e+00 2.033125150320643115e+00
1.420000000000000000e+02 -2.048486295554321490e+00 -2.048486295554321490e+00 2.048486295554321490e+00 2.048486295554321490e+00
1.430000000000000000e+02 -2.064200080655727909e+00 -2.064200080655727909e+00 2.064200080655727909e+00 2.064200080655727909e+00
1.440000000000000000e+02 -2.080250933976688366e+00 -2.080250933976688366e+00 2.080250933976688366e+00 2.080250933976688366e+00
1.450000000000000000e+02 -2.096622184121994081e+00 -2.096622184121993193e+00 2.096622184121993637e+00 2.096622184121994081e+00
1.460000000000000000e+02 -2.113296110012027551e+00 -2.113296110012027551e+00 2.113296110012027551e+00 2.113296110012027551e+00
1.470000000000000000e+02 -2.130253994866836198e+00 -2.130253994866836198e+00 2.130253994866836198e+00 2.130253994866836198e+00
1.480000000000000000e+02 -2.147476183542915251e+00 -2.147476183542915251e+00 2.147476183542915251e+00 2.147476183542915251e+00
1.490000000000000000e+02 -2.164942142665290170e+00 -2.164942142665290170e+00 2.164942142665290170e+00 2.164942142665290170e+00
1.500000000000000000e+02 -2.182630523015748558e+00 -2.182630523015748114e+00 2.182630523015748114e+00 2.182630523015748558e+00
1.510000000000000000e+02 -2.200519223662212198e+00 -2.200519223662212198e+00 2.200519223662212198e+00 2.200519223662212198e+00
1.520000000000000000e+02 -2.218585457343182021e+00 -2.218585457343182021e+00 2.218585457343182021e+00 2.218585457343182021e+00
1.530000000000000000e+02 -2.236805816653796519e+00 -2.236805816653796075e+00 2.236805816653796075e+00 2.236805816653796519e+00
1.540000000000000000e+02 -2.255156340615376731e+00 -2.255156340615376731e+00 2.255156340615376731e+00 2.255156340615376731e+00
1.550000000000000000e+02 -2.273612581247307141e+00 -2.273612581247307141e+00 2.273612581247307141e+00 2.273612581247307141e+00
1.560000000000000000e+02 -2.292149669797926226e+00 -2.292149669797926226e+00 2.292149669797926226e+00 2.292149669797926226e+00
1.570000000000000000e+02 -2.310742382328967448e+00 -2.310742382328967448e+00 2.310742382328967448e+00 2.310742382328967448e+00
1.580000000000000000e+02 -2.329365204385294152e+00 -2.329365204385294152e+00 2.329365204385294152e+00 2.329365204385294152e+00
1.590000000000000000e+02 -2.347992394517683046e+00 -2.347992394517683046e+00 2.347992394517683046e+00 2.347992394517683046e+00
1.600000000000000000e+02 -2.366598046460762106e+00 -2.366598046460762106e+00 2.366598046460762106e+00 2.366598046460762106e+00
1.610000000000000000e+02 -2.385156149800528258e+00 -2.385156149800528258e+00 2.385156149800528258e+00 2.385156149800528258e+00
1.620000000000000000e+02 -2.403640648995916340e+00 -2.403640648995915896e+00 2.403640648995915896e+00 2.403640648995916340e+00
1.630000000000000000e+02 -2.422025500646486140e+00 -2.422025500646486140e+00 2.422025500646486140e+00 2.422025500646486140e+00
1.640000000000000000e+02 -2.440284728923355129e+00 -2.440284728923354685e+00 2.440284728923354685e+00 2.440284728923355129e+00
1.650000000000000000e+02 -2.458392479102962547e+00 -2.458392479102962547e+00 2.458392479102962547e+00 2.458392479102962547e+00
1.660000000000000000e+02 -2.476323069163216317e+00 -2.476323069163215873e+00 2.476323069163215873e+00 2.476323069163216317e+00
1.670000000000000000e+02 -2.494051039418993643e+00 -2.494051039418993643e+00 2.494051039418993643e+00 2.494051039418993643e+00
1.680000000000000000e+02 -2.511551200189129140e+00 -2.511551200189128696e+00 2.511551200189128696e+00 2.511551200189129140e+00
1.690000000000000000e+02 -2.528798677499830561e+00 -2.528798677499830561e+00 2.528798677499830561e+00 2.528798677499830561e+00
1.700000000000000000e+02 -2.545768956840346764e+00 -2.545768956840346320e+00 2.545768956840346320e+00 2.545768956840346764e+00
1.710000000000000000e+02 -2.562437924995548677e+00 -2.562437924995548233e+00 2.562437924995548233e+00 2.562437924995548677e+00
1.720000000000000000e+02 -2.578781909987344356e+00 -2.578781909987344356e+00 2.578781909987343912e+00 2.578781909987344356e+00
1.730000000000000000e+02 -2.594777719162391971e+00 -2.594777719162391527e+00 2.594777719162391527e+00 2.594777719162391971e+00
1.740000000000000000e+02 -2.610402675467905720e+00 -2.610402675467905720e+00 2.610402675467905720e+00 2.610402675467905720e+00
1.750000000000000000e+02 -2.625634651960336186e+00 -2.625634651960336186e+00 2.625634651960336186e+00 2.625634651960336186e+00
1.760000000000000000e+02 -2.640452104593702387e+00 -2.640452104593702387e+00 2.640452104593702387e+00 2.640452104593702831e+00
1.770000000000000000e+02 -2.654834103335431905e+00 -2.654834103335431461e+00 2.654834103335431461e+00 2.654834103335431905e+00
1.780000000000000000e+02 -2.668760361657861679e+00 -2.668760361657861235e+00 2.668760361657861235e+00 2.668760361657861679e+00
1.790000000000000000e+02 -2.682211264453220778e+00 -2.682211264453220334e+00 2.682211264453220334e+00 2.682211264453220778e+00
1.800000000000000000e+02 -2.695167894419020271e+00 -2.695167894419020271e+00 2.695167894419020271e+00 2.695167894419020271e+00
1.810000000000000000e+02 -2.707612056959492808e+00 -2.707612056959492808e+00 2.707612056959492808e+00 2.707612056959492808e+00
1.820000000000000000e+02 -2.719526303647068044e+00 -2.719526303647068044e+00 2.719526303647068044e+00 2.719526303647068044e+00
1.830000000000000000e+02 -2.730893954285941394e+00 -2.730893954285941394e+00 2.730893954285941394e+00 2.730893954285941394e+00
1.840000000000000000e+02 -2.741699117617717452e+00 -2.741699117617717452e+00 2.741699117617717452e+00 2.741699117617717452e+00
1.850000000000000000e+02 -2.751926710706832147e+00 -2.751926710706832147e+00 2.751926710706832147e+00 2.751926710706832147e+00
1.860000000000000000e+02 -2.761562477041149322e+00 -2.761562477041148878e+00 2.761562477041148878e+00 2.761562477041149322e+00
1.870000000000000000e+02 -2.770593003380712904e+00 -2.770593003380712460e+00 2.770593003380712460e+00 2.770593003380712904e+00
1.880000000000000000e+02 -2.779005735385290166e+00 -2.779005735385289722e+00 2.779005735385289722e+00 2.779005735385290166e+00
1.890000000000000000e+02 -2.786788992048885749e+00 -2.786788992048885305e+00 2.786788992048885305e+00 2.786788992048885749e+00
1.900000000000000000e+02 -2.793931978967139962e+00 -2.793931978967139962e+00 2.793931978967139962e+00 2.793931978967139962e+00
1.910000000000000000e+02 -2.800424800461143615e+00 -2.800424800461143615e+00 2.800424800461143615e+00 2.800424800461143615e+00
1.920000000000000000e+02 -2.806258470579025222e+00 -2.806258470579024777e+00 2.806258470579024777e+00 2.806258470579025222e+00
1.930000000000000000e+02 -2.811424922994443243e+00 -2.811424922994442799e+00 2.811424922994442799e+00 2.811424922994443243e+00
1.940000000000000000e+02 -2.815917019819064837e+00 -2.815917019819064837e+00 2.815917019819064837e+00 2.815917019819064837e+00
1.950000000000000000e+02 -2.819728559344034657e+00 -2.819728559344034657e+00 2.819728559344034657e+00 2.819728559344034657e+00
1.960000000000000000e+02 -2.822854282723509467e+00 -2.822854282723509023e+00 2.822854282723509023e+00 2.822854282723509467e+00
1.970000000000000000e+02 -2.825289879611444288e+00 -2.825289879611444288e+00 2.825289879611444288e+00 2.825289879611444288e+00
1.980000000000000000e+02 -2.827031992760956847e+00 -2.827031992760956847e+00 2.827031992760956847e+00 2.827031992760956847e+00
1.990000000000000000e+02 -2.828078221593861130e+00 -2.828078221593861130e+00 2.828078221593861130e+00 2.828078221593861130e+00
2.000000000000000000e+02 -2.828427124746189847e+00 -2.828427124746189847e+00 2.828427124746189847e+00 2.828427124746189847e+00
2.010000000000000000e+02 -2.827729381828562261e+00 -2.827729381828561817e+00 2.827729381828561817e+00 2.827729381828562261e+00
2.020000000000000000e+02 -2.825637875352918549e+00 -2.825637875352918105e+00 2.825637875352918105e+00 2.825637875352918549e+00
2.030000000000000000e+02 -2.822157774019265819e+00 -2.822157774019265375e+00 2.822157774019265375e+00 2.822157774019265819e+00
2.040000000000000000e+02 -2.817297698550378371e+00 -2.817297698550378371e+00 2.817297698550378371e+00 2.817297698550378371e+00
2.050000000000000000e+02 -2.811069731008162709e+00 -2.811069731008162709e+00 2.811069731008162709e+00 2.811069731008162709e+00
2.060000000000000000e+02 -2.803489427798240285e+00 -2.803489427798239397e+00 2.803489427798239397e+00 2.803489427798240285e+00
2.070000000000000000e+02 -2.794575836317926498e+00 -2.794575836317926054e+00 2.794575836317926054e+00 2.794575836317926498e+00
2.080000000000000000e+02 -2.784351515180460535e+00 -2.784351515180460090e+00 2.784351515180460090e+00 2.784351515180460535e+00
2.090000000000000000e+02 -2.772842557918503203e+00 -2.772842557918503203e+00 2.772842557918503203e+00 2.772842557918503203e+00
2.100000000000000000e+02 -2.760078620030576690e+00 -2.760078620030576690e+00 2.760078620030576690e+00 2.760078620030576690e+00
2.110000000000000000e+02 -2.746092949182815879e+00 -2.746092949182815879e+00 2.746092949182815879e+00 2.746092949182815879e+00
2.120000000000000000e+02 -2.730922418312688560e+00 -2.730922418312688560e+00 2.730922418312688560e+00 2.730922418312688560e+00
2.130000000000000000e+02 -2.714607561298203020e+00 -2.714607561298202576e+00 2.714607561298202576e+00 2.714607561298203020e+00
2.140000000000000000e+02 -2.697192610752405795e+00 -2.697192610752405351e+00 2.697192610752405351e+00 2.697192610752405795e+00
2.150000000000000000e+02 -2.678725537374993415e+00 -2.678725537374992971e+00 2.678725537374992971e+00 2.678725537374993415e+00
2.160000000000000000e+02 -2.659258090136795261e+00 -2.659258090136794372e+00 2.659258090136794372e+00 2.659258090136795261e+00
2.170000000000000000e+02 -2.638845836384427823e+00 -2.638845836384427379e+00 2.638845836384427379e+00 2.638845836384427823e+00
2.180000000000000000e+02 -2.617548200727188856e+00 -2.617548200727188412e+00 2.617548200727188412e+00 2.617548200727188856e+00
2.190000000000000000e+02 -2.595428501301732194e+00 -2.595428501301731750e+00 2.595428501301731750e+00 2.595428501301732194e+00
2.200000000000000000e+02 -2.572553981697934145e+00 -2.572553981697933700e+00 2.572553981697933700e+00 2.572553981697934145e+00
2.210000000000000000e+02 -2.548995836467708109e+00 -2.548995836467707221e+00 2.548995836467707221e+00 2.548995836467708109e+00
2.220000000000000000e+02 -2.524829227724411762e+00 -2.524829227724411318e+00 2.524829227724411318e+00 2.524829227724411762e+00
2.230000000000000000e+02 -2.500133289872483733e+00 -2.500133289872483289e+00 2.500133289872483289e+00 2.500133289872483733e+00
2.240000000000000000e+02 -2.474991118985808480e+00 -2.474991118985808480e+00 2.474991118985808480e+00 2.474991118985808480e+00
2.250000000000000000e+02 -2.449489742783178325e+00 -2.449489742783177881e+00 2.449489742783177881e+00 2.449489742783178325e+00
2.260000000000000000e+02 -2.423720066538496365e+00 -2.423720066538496365e+00 2.423720066538496365e+00 2.423720066538496365e+00
2.270000000000000000e+02 -2.397776789626463678e+00 -2.397776789626463678e+00 2.397776789626463678e+00 2.397776789626463678e+00
2.280000000000000000e+02 -2.371758286762912782e+00 -2.371758286762912782e+00 2.371758286762912782e+00 2.371758286762912782e+00
2.290000000000000000e+02 -2.345766447383517139e+00 -2.345766447383517139e+00 2.345766447383517139e+00 2.345766447383517139e+00
2.300000000000000000e+02 -2.319906466056358862e+00 -2.319906466056358862e+00 2.319906466056358862e+00 2.319906466056358862e+00
2.310000000000000000e+02 -2.294286576395949240e+00 -2.294286576395948352e+00 2.294286576395948352e+00 2.294286576395949240e+00
2.320000000000000000e+02 -2.269017720704237906e+00 -2.269017720704237462e+00 2.269017720704237462e+00 2.269017720704237906e+00
2.330000000000000000e+02 -2.244213147585711887e+00 -2.244213147585711443e+00 2.244213147585711443e+00 2.244213147585711887e+00
2.340000000000000000e+02 -2.219987930156829936e+00 -2.219987930156829492e+00 2.219987930156829492e+00 2.219987930156829936e+00
2.350000000000000000e+02 -2.196458398289176550e+00 -2.196458398289176106e+00 2.196458398289176106e+00 2.196458398289176550e+00
2.360000000000000000e+02 -2.173741479684881739e+00 -2.173741479684881739e+00 2.173741479684881739e+00 2.173741479684881739e+00
2.370000000000000000e+02 -2.151953946566381060e+00 -2.151953946566380615e+00 2.151953946566380615e+00 2.151953946566381060e+00
2.380000000000000000e+02 -2.131211567432284681e+00 -2.131211567432284237e+00 2.131211567432284237e+00 2.131211567432284681e+00
2.390000000000000000e+02 -2.111628166711275068e+00 -2.111628166711275068e+00 2.111628166711275068e+00 2.111628166711275068e+00
2.400000000000000000e+02 -2.093314599206269389e+00 -2.093314599206269389e+00 2.093314599206269389e+00 2.093314599206269389e+00
2.410000000000000000e+02 -2.076377650861222612e+00 -2.076377650861222168e+00 2.076377650861222168e+00 2.076377650861222612e+00
2.420000000000000000e+02 -2.060918882419265241e+00 -2.060918882419264797e+00 2.060918882419264797e+00 2.060918882419265241e+00
2.430000000000000000e+02 -2.047033437701485159e+00 -2.047033437701485159e+00 2.047033437701485159e+00 2.047033437701485159e+00
2.440000000000000000e+02 -2.034808843165248238e+00 -2.034808843165248238e+00 2.034808843165248238e+00 2.034808843165248238e+00
2.450000000000000000e+02 -2.024323829679849585e+00 -2.024323829679849585e+00 2.024323829679849585e+00 2.024323829679849585e+00
2.460000000000000000e+02 -2.015647210635516551e+00 -2.015647210635516107e+00 2.015647210635516107e+00 2.015647210635516551e+00
2.470000000000000000e+02 -2.008836852146690166e+00 -2.008836852146689722e+00 2.008836852146689722e+00 2.008836852146690166e+00
2.480000000000000000e+02 -2.003938770863781915e+00 -2.003938770863781471e+00 2.003938770863781471e+00 2.003938770863781915e+00
2.490000000000000000e+02 -2.000986392543302017e+00 -2.000986392543302017e+00 2.000986392543302017e+00 2.000986392543302017e+00
2.500000000000000000e+02 -2.000000000000000000e+00 -2.000000000000000000e+00 2.000000000000000000e+00 2.000000000000000000e+00
2.510000000000000000e+02 -2.000986392543302017e+00 -2.000986392543301573e+00 2.000986392543301573e+00 2.000986392543302017e+00
2.520000000000000000e+02 -2.003938770863781915e+00 -2.003938770863781915e+00 2.003938770863781915e+00 2.003938770863781915e+00
2.530000000000000000e+02 -2.008836852146690166e+00 -2.008836852146690166e+00 2.008836852146690166e+00 2.008836852146690166e+00
2.540000000000000000e+02 -2.015647210635516551e+00 -2.015647210635516107e+00 2.015647210635516107e+00 2.015647210635516551e+00
2.550000000000000000e+02 -2.024323829679850029e+00 -2.024323829679849585e+00 2.024323829679849585e+00 2.024323829679850029e+00
2.560000000000000000e+02 -2.034808843165248682e+00 -2.034808843165248682e+00 2.034808843165248682e+00 2.034808843165248682e+00
2.570000000000000000e+02 -2.047033437701485603e+00 -2.047033437701485603e+00 2.047033437701485603e+00 2.047033437701485603e+00
2.580000000000000000e+02 -2.060918882419265685e+00 -2.060918882419264797e+00 2.060918882419264797e+00 2.060918882419265685e+00
2.590000000000000000e+02 -2.076377650861223056e+00 -2.076377650861222612e+00 2.076377650861222612e+00 2.076377650861223056e+00
2.600000000000000000e+02 -2.093314599206269833e+00 -2.093314599206269833e+00 2.093314599206269833e+00 2.093314599206269833e+00
2.610000000000000000e+02 -2.111628166711275956e+00 -2.111628166711275512e+00 2.111628166711275512e+00 2.111628166711275956e+00
2.620000000000000000e+02 -2.131211567432285126e+00 -2.131211567432285126e+00 2.131211567432285126e+00 2.131211567432285126e+00
2.630000000000000000e+02 -2.151953946566381504e+00 -2.151953946566381060e+00 2.151953946566381060e+00 2.151953946566381504e+00
2.640000000000000000e+02 -2.173741479684882183e+00 -2.173741479684882183e+00 2.173741479684882183e+00 2.173741479684882183e+00
2.650000000000000000e+02 -2.196458398289176550e+00 -2.196458398289176106e+00 2.196458398289176106e+00 2.196458398289176550e+00
2.660000000000000000e+02 -2.219987930156830380e+00 -2.219987930156830380e+00 2.219987930156830380e+00 2.219987930156830380e+00
2.670000000000000000e+02 -2.244213147585712331e+00 -2.244213147585711887e+00 2.244213147585711887e+00 2.244213147585712331e+00
2.680000000000000000e+02 -2.269017720704238350e+00 -2.269017720704237906e+00 2.269017720704237906e+00 2.269017720704238350e+00
2.690000000000000000e+02 -2.294286576395949240e+00 -2.294286576395948796e+00 2.294286576395948796e+00 2.294286576395949240e+00
2.700000000000000000e+02 -2.319906466056359751e+00 -2.319906466056359307e+00 2.319906466056359307e+00 2.319906466056359751e+00
2.710000000000000000e+02 -2.345766447383518472e+00 -2.345766447383518027e+00 2.345766447383518027e+00 2.345766447383518472e+00
2.720000000000000000e+02 -2.371758286762914114e+00 -2.371758286762913670e+00 2.371758286762913670e+00 2.371758286762914114e+00
2.730000000000000000e+02 -2.397776789626464122e+00 -2.397776789626464122e+00 2.397776789626464122e+00 2.397776789626464122e+00
2.740000000000000000e+02 -2.423720066538496809e+00 -2.423720066538496365e+00 2.423720066538496365e+00 2.423720066538496809e+00
2.750000000000000000e+02 -2.449489742783178770e+00 -2.449489742783177881e+00 2.449489742783177881e+00 2.449489742783178770e+00
2.760000000000000000e+02 -2.474991118985809369e+00 -2.474991118985808924e+00 2.474991118985808924e+00 2.474991118985809369e+00
2.770000000000000000e+02 -2.500133289872483733e+00 -2.500133289872483733e+00 2.500133289872483733e+00 2.500133289872483733e+00
2.780000000000000000e+02 -2.524829227724412206e+00 -2.524829227724412206e+00 2.524829227724412206e+00 2.524829227724412206e+00
2.790000000000000000e+02 -2.548995836467708553e+00 -2.548995836467708553e+00 2.548995836467708553e+00 2.548995836467708553e+00
2.800000000000000000e+02 -2.572553981697934589e+00 -2.572553981697934589e+00 2.572553981697934589e+00 2.572553981697934589e+00
2.810000000000000000e+02 -2.595428501301732638e+00 -2.595428501301731750e+00 2.595428501301731750e+00 2.595428501301732638e+00
2.820000000000000000e+02 -2.617548200727189300e+00 -2.617548200727189300e+00 2.617548200727189300e+00 2.617548200727189300e+00
2.830000000000000000e+02 -2.638845836384428267e+00 -2.638845836384427823e+00 2.638845836384427823e+00 2.638845836384428267e+00
2.840000000000000000e+02 -2.659258090136794817e+00 -2.659258090136794817e+00 2.659258090136794817e+00 2.659258090136794817e+00
2.850000000000000000e+02 -2.678725537374993859e+00 -2.678725537374993415e+00 2.678725537374993415e+00 2.678725537374993859e+00
2.860000000000000000e+02 -2.697192610752406239e+00 -2.697192610752406239e+00 2.697192610752406239e+00 2.697192610752406239e+00
2.870000000000000000e+02 -2.714607561298203908e+00 -2.714607561298203020e+00 2.714607561298203020e+00 2.714607561298203908e+00
2.880000000000000000e+02 -2.730922418312689004e+00 -2.730922418312688560e+00 2.730922418312688560e+00 2.730922418312689004e+00
2.890000000000000000e+02 -2.746092949182817211e+00 -2.746092949182816767e+00 2.746092949182816767e+00 2.746092949182817211e+00
2.900000000000000000e+02 -2.760078620030577135e+00 -2.760078620030577135e+00 2.760078620030577135e+00 2.760078620030577135e+00
2.910000000000000000e+02 -2.772842557918503648e+00 -2.772842557918503648e+00 2.772842557918503648e+00 2.772842557918503648e+00
2.920000000000000000e+02 -2.784351515180461423e+00 -2.784351515180461423e+00 2.784351515180461423e+00 2.784351515180461423e+00
2.930000000000000000e+02 -2.794575836317926942e+00 -2.794575836317926498e+00 2.794575836317926498e+00 2.794575836317926942e+00
2.940000000000000000e+02 -2.803489427798240285e+00 -2.803489427798239841e+00 2.803489427798239841e+00 2.803489427798240285e+00
2.950000000000000000e+02 -2.811069731008163153e+00 -2.811069731008163153e+00 2.811069731008163153e+00 2.811069731008163153e+00
2.960000000000000000e+02 -2.817297698550379259e+00 -2.817297698550378815e+00 2.817297698550378815e+00 2.817297698550379259e+00
2.970000000000000000e+02 -2.822157774019266263e+00 -2.822157774019265819e+00 2.822157774019265819e+00 2.822157774019266263e+00
2.980000000000000000e+02 -2.825637875352918993e+00 -2.825637875352918549e+00 2.825637875352918549e+00 2.825637875352918993e+00
2.990000000000000000e+02 -2.827729381828562705e+00 -2.827729381828562705e+00 2.827729381828562705e+00 2.827729381828562705e+00
